{"data": [{"timelabels": ["2016-02-23 05:24:52", "2016-02-23 05:24:57", "2016-02-23 05:25:02", "2016-02-23 05:25:07", "2016-02-23 05:25:12", "2016-02-23 05:25:17", "2016-02-23 05:25:22", "2016-02-23 05:25:27", "2016-02-23 05:25:32", "2016-02-23 05:25:37", "2016-02-23 05:25:42", "2016-02-23 05:25:47", "2016-02-23 05:25:52", "2016-02-23 05:25:57", "2016-02-23 05:26:02", "2016-02-23 05:26:07", "2016-02-23 05:26:12", "2016-02-23 05:26:17", "2016-02-23 05:26:22", "2016-02-23 05:26:27", "2016-02-23 05:26:32", "2016-02-23 05:26:37", "2016-02-23 05:26:42", "2016-02-23 05:26:47", "2016-02-23 05:26:52", "2016-02-23 05:26:57", "2016-02-23 05:27:02", "2016-02-23 05:27:07", "2016-02-23 05:27:12", "2016-02-23 05:27:17", "2016-02-23 05:27:22", "2016-02-23 05:27:27", "2016-02-23 05:27:32", "2016-02-23 05:27:37", "2016-02-23 05:27:42", "2016-02-23 05:27:47", "2016-02-23 05:27:52", "2016-02-23 05:27:57", "2016-02-23 05:28:02", "2016-02-23 05:28:07", "2016-02-23 05:28:12", "2016-02-23 05:28:17", "2016-02-23 05:28:22", "2016-02-23 05:28:27", "2016-02-23 05:28:32", "2016-02-23 05:28:37", "2016-02-23 05:28:42", "2016-02-23 05:28:47", "2016-02-23 05:28:52", "2016-02-23 05:28:57", "2016-02-23 05:29:02", "2016-02-23 05:29:07", "2016-02-23 05:29:12", "2016-02-23 05:29:17", "2016-02-23 05:29:22", "2016-02-23 05:29:27", "2016-02-23 05:29:32", "2016-02-23 05:29:37", "2016-02-23 05:29:42", "2016-02-23 05:29:47", "2016-02-23 05:29:52", "2016-02-23 05:29:57", "2016-02-23 05:30:02", "2016-02-23 05:30:07", "2016-02-23 05:30:12", "2016-02-23 05:30:17", "2016-02-23 05:30:22", "2016-02-23 05:30:27", "2016-02-23 05:30:32", "2016-02-23 05:30:37", "2016-02-23 05:30:42", "2016-02-23 05:30:47", "2016-02-23 05:30:52", "2016-02-23 05:30:57", "2016-02-23 05:31:02", "2016-02-23 05:31:07", "2016-02-23 05:31:12", "2016-02-23 05:31:17", "2016-02-23 05:31:22", "2016-02-23 05:31:27", "2016-02-23 05:31:32", "2016-02-23 05:31:37", "2016-02-23 05:31:42", "2016-02-23 05:31:47", "2016-02-23 05:31:52", "2016-02-23 05:31:57", "2016-02-23 05:32:02", "2016-02-23 05:32:07", "2016-02-23 05:32:12", "2016-02-23 05:32:17", "2016-02-23 05:32:22", "2016-02-23 05:32:27", "2016-02-23 05:32:32", "2016-02-23 05:32:37", "2016-02-23 05:32:42", "2016-02-23 05:32:47", "2016-02-23 05:32:52", "2016-02-23 05:32:57", "2016-02-23 05:33:02", "2016-02-23 05:33:07", "2016-02-23 05:33:12", "2016-02-23 05:33:17", "2016-02-23 05:33:22", "2016-02-23 05:33:27", "2016-02-23 05:33:32", "2016-02-23 05:33:37", "2016-02-23 05:33:42", "2016-02-23 05:33:47", "2016-02-23 05:33:52", "2016-02-23 05:33:57", "2016-02-23 05:34:02", "2016-02-23 05:34:07", "2016-02-23 05:34:12", "2016-02-23 05:34:17", "2016-02-23 05:34:22", "2016-02-23 05:34:27", "2016-02-23 05:34:32", "2016-02-23 05:34:37", "2016-02-23 05:34:42", "2016-02-23 05:34:47", "2016-02-23 05:34:52", "2016-02-23 05:34:57", "2016-02-23 05:35:02", "2016-02-23 05:35:07", "2016-02-23 05:35:12", "2016-02-23 05:35:17", "2016-02-23 05:35:22", "2016-02-23 05:35:27", "2016-02-23 05:35:32", "2016-02-23 05:35:37", "2016-02-23 05:35:42", "2016-02-23 05:35:47", "2016-02-23 05:35:52", "2016-02-23 05:35:57", "2016-02-23 05:36:02", "2016-02-23 05:36:07", "2016-02-23 05:36:12", "2016-02-23 05:36:17", "2016-02-23 05:36:22"], "name": "PFM2 User Test Data (5s Averaging)"}], "distancematrix": [[0.0, 33.84217383185081, 31.78482203669179, 33.90038577817052, 31.760479859043414, 33.615247123892566, 31.888928851646487, 34.07940900929538, 31.622072055324352, 33.82466621200499, 31.712385306404137, 33.4557600945728, 31.574195654302248, 33.6747888406441, 31.67394439202252, 33.5103918667135, 31.675726158522856, 33.66865728360366, 31.759957033727737, 33.80123690081287, 31.746947346633615, 33.51755939086397, 31.815719883526246, 33.84509260215826, 31.92210864303054, 33.82479095409074, 31.786136697429985, 33.66456945916519, 31.901089689105383, 33.734051890995424, 31.76432865154348, 34.469893685076535, 31.929857692641686, 33.96386294819355, 31.99046137201969, 34.703060542738115, 31.966587828805338, 34.7172745468976, 31.899269206056914, 33.95700267749845, 31.992881974639467, 33.75229246536372, 31.71503321181446, 34.03116928306458, 31.733340550717585, 34.05324572296571, 31.831816803032527, 35.09694868204719, 31.756894903833274, 35.07107295513408, 32.03412646429892, 35.27330091745641, 31.809949154124627, 35.09247459099246, 31.99729673825008, 35.14073524661618, 32.04121711631095, 35.14558321551445, 31.814163888762106, 35.133519934312595, 31.86527495526768, 35.40506728776573, 32.12958974555149, 35.352151021087934, 32.013547209854494, 35.094170097580395, 31.929615720286765, 35.27317852603068, 31.954231687362824, 35.26852522507393, 32.245322405598685, 35.60443994660244, 31.95340923652901, 32.11376955589542, 32.15088825417886, 32.16461886453295, 32.07189092637382, 32.30860505171807, 31.995167072527593, 32.418302729317, 32.421995797960705, 32.25291480062761, 32.41737904114459, 32.55376046133371, 32.54343274985127, 32.984728062274776, 33.021471310386175, 33.191344925835836, 33.42201425410657, 33.228337396633094, 33.58999648265886, 34.621693061380014, 34.01707896672357, 34.289942851545206, 34.223642031307534, 34.726487545422025, 35.13980957191602, 34.590893481534856, 36.66496949886942, 34.902847272668474, 36.0285481344886, 35.54299924853552, 34.528049532889284, 34.929188753537645, 34.99212224099375, 35.06216249080374, 34.73141782021448, 34.75985741905931, 34.56285415172599, 34.55928105813972, 34.5162721384853, 34.311051660225466, 34.518608345818784, 34.438277869023096, 34.24239249705346, 34.35689111070276, 34.345070667037305, 34.10418445696816, 34.60586531349861, 34.23011210973632, 34.16803163107213, 34.035909914113304, 34.32074223607049, 33.807286599964414, 33.73616719648601, 33.840428008816936, 34.11585401397847, 34.03121112787409, 34.05254698140835, 34.09586424321213, 33.82377065403146, 34.09144395161594, 33.897073338589564, 33.7546208060784, 33.8953468310356, 34.08650788580034, 33.887804321945474, 34.25363791837872, 33.78646514012333], [33.84217383185081, 0.0, 12.903783608833855, 5.634308683336075, 12.295563195748908, 6.024472908796075, 12.786710884088176, 6.194018381342337, 12.347409145377785, 5.319184499626495, 12.806103325403324, 5.060329993079131, 12.277084514344782, 5.482828711496433, 12.43276534133633, 6.092798783841501, 12.403587432439299, 5.691902881744882, 12.058943462924226, 6.3607005880132785, 11.969982478816815, 5.93447146945832, 12.029464587163586, 6.310470388104214, 12.272096524265914, 7.381148127730224, 12.268135756419268, 6.504899919001867, 11.948623522411312, 7.085436257008998, 11.647104100108466, 8.83613135724922, 11.094595889856267, 7.480312294242354, 11.261560456695175, 12.283919884530787, 11.429576100781372, 9.497690755886588, 11.378915385858818, 7.4192186226322, 10.945940954785648, 7.929435886975757, 11.403846856682097, 8.103780612063268, 11.38469691572843, 7.696378616209755, 11.204700958719304, 10.833814772799556, 10.688970623001376, 10.900730505963732, 11.779441423014704, 10.950230480701391, 10.798135554189404, 11.306290147497544, 10.7226590805358, 11.023487486935462, 11.246556207052555, 11.167899329754194, 10.487606711091772, 11.021212895855081, 10.959914944488581, 11.618334693693495, 11.027231889303122, 11.652233769750845, 10.701712103530642, 11.306532449567442, 10.29141262204994, 11.3743640502399, 10.886723600727786, 11.177147666561764, 10.985101823011648, 12.348029165845332, 10.422213186446582, 11.022138577941837, 10.573763447440644, 10.790908750775092, 10.205001043226275, 10.895023257662155, 10.000094938698906, 10.301563024620256, 10.228179064119562, 10.303415710117793, 10.173440484905557, 10.570457426139333, 10.520822048962241, 11.746174126628448, 11.240274642796853, 11.102430398676987, 12.152925458890488, 11.408654016028452, 11.468067384700186, 14.751142263466098, 14.101234960348224, 13.72700385579505, 13.219007548346733, 14.227006740707726, 14.117091602849367, 12.190821832975086, 17.20419968579778, 12.00445727566374, 14.247560968192236, 12.577138181358352, 11.047235094475004, 11.086771265338276, 10.957547592607622, 10.53366325151681, 10.085174273528562, 9.127185776775057, 10.833834837192253, 8.442475166404824, 9.708132147770737, 8.969049095123674, 8.82337842768056, 8.874343461779088, 9.019451043700009, 7.526051032994515, 8.090384022058464, 7.041540643233109, 7.801523571605232, 6.750811918715113, 6.676873930816449, 6.129503918528195, 6.2050366473027125, 5.940295734547555, 5.846964778925056, 6.568796545945864, 5.94082791308728, 4.991398746818972, 5.433316633251984, 5.31272138170972, 4.886034211063782, 6.127078312572776, 5.700994746718858, 5.4719362654192185, 4.785311813503335, 5.959519807537784, 4.926156721779399, 4.6109940924200545, 3.9395587121377695], [31.78482203669179, 12.903783608833855, 0.0, 12.956018974876661, 6.108846074616463, 12.596174182532812, 6.102601191791916, 12.551216775697394, 4.419857921817885, 12.55476278106781, 5.614728930887733, 12.305852521643223, 4.1988216775542675, 12.094008165693078, 4.744816168574117, 12.552497509943173, 4.912571430765395, 12.80755899496461, 5.175589958907249, 12.550482742392928, 5.81474462443204, 11.70541969580131, 5.481157165996981, 12.30045521241556, 6.179863878578852, 12.950305106554659, 5.460750388175664, 13.188186590279145, 4.5604364756448135, 12.696207574361706, 4.990354822305919, 13.41370520133858, 6.058846505128038, 12.413149553953575, 5.195352139218138, 16.05897813611274, 6.369887082660365, 14.114553963077958, 5.971984099126792, 12.942686109809978, 5.429771312754428, 12.968930387594712, 5.882130786437947, 13.351252288356925, 4.6765997993496455, 12.962646089308205, 5.239378469338577, 15.066675729674701, 5.327921491365416, 15.624478884563295, 6.085590742168519, 16.21626005239315, 5.8319370587759956, 15.704160303303967, 6.808051484406923, 15.71189619052181, 5.436676664712316, 15.717307676422141, 6.456090735270495, 15.678436996100181, 5.742594427096624, 15.807673514992896, 5.130590213623991, 16.25004059319654, 4.611133378795578, 15.632162156725348, 5.891610700451871, 16.063512592979073, 6.103250386132883, 15.965675177605105, 6.459419475811773, 17.090931379979548, 8.19771056093508, 7.367572871808589, 7.274031437668449, 8.004947325487896, 6.8206293637767645, 7.488527665236566, 7.6352156095406665, 8.4609277091413, 7.971807741217942, 8.298951872721577, 9.104455279232171, 9.53177715074805, 8.428069759801026, 10.206700339972697, 10.077385250705138, 10.105643953357438, 11.23803143757127, 11.052432349535717, 12.022636917223567, 14.026679823413618, 13.472174116232804, 13.623164602572066, 13.219921802610266, 14.415731447424742, 15.0228464195448, 14.030095559051677, 18.17668760417076, 15.26485964043354, 17.141622648794073, 16.485871807602184, 15.523265631659054, 15.371815405419106, 15.529709973008323, 15.359267926767307, 14.50626553457243, 14.624400648723185, 14.68437007279176, 14.230171935740286, 14.276906621182071, 14.070571599104937, 13.914977353989364, 13.815674208637821, 14.732558381586077, 14.235052890422102, 13.990830474103426, 13.611146628953534, 14.059662816783428, 13.689283251608913, 13.110385550261038, 13.213412566986722, 13.519131548403656, 12.93333905309921, 12.830407665609037, 13.1577098685273, 12.677757275965, 12.87827547856056, 12.720984266531081, 13.612600936735513, 12.669484329818738, 12.864594741516873, 13.25007637921324, 12.734001037359539, 13.436742498550291, 13.051704357812508, 12.662134421262838, 13.147720714813099, 12.425106949879764], [33.90038577817052, 5.634308683336075, 12.956018974876661, 0.0, 12.538398442262546, 5.665106375551417, 12.402897573748957, 7.173937110334934, 12.070512800244535, 4.7828185687569365, 12.11657312333702, 6.447579661579473, 12.363425230102182, 5.676362172417609, 12.151850485109719, 5.293652231941813, 12.025371240116415, 6.296483723369631, 12.02008893271195, 5.99426102630743, 12.498304044374729, 6.3545279031997834, 11.953440145688322, 7.651665855825779, 12.18850529135011, 8.020039917248742, 11.88238999519612, 7.860386957132326, 12.043570726616563, 7.39261665210816, 11.796935004404913, 7.9175022758353855, 11.726293163681557, 7.611070808874779, 11.151045478223203, 13.093018931173825, 11.262100148241855, 8.056141686720256, 12.248160789866695, 7.814617479584811, 11.327337886232709, 7.901324331354714, 11.168062527947443, 8.022997493954561, 11.559159662510693, 7.6925601267709185, 10.887487895760758, 10.775565249420188, 11.095473593957042, 11.137829984779644, 10.704309551217303, 11.267536097041058, 10.649722258062232, 11.00547142568298, 11.384696601191502, 11.072778710364558, 11.274378783979097, 11.204284225349102, 10.86047431651841, 10.614465979040343, 10.569328886701948, 11.55952913184163, 10.839465502020555, 11.665476411404994, 10.487690116039003, 11.292070725391042, 10.782470809285936, 11.186864230032942, 10.573661204703523, 10.855092850131802, 11.570561521694675, 12.0258194300775, 11.183322574385635, 11.264136573141336, 9.975925860774039, 10.796827091543179, 10.210561011060703, 10.645365503845364, 10.226320892715727, 11.14983712389192, 10.57200247159181, 10.483952280108639, 10.82920701721274, 10.112293368477268, 10.126106175133899, 11.564430047868152, 11.665522353335616, 11.044419452890265, 11.76729830896998, 11.253096051065276, 12.708889847962759, 14.966843171792222, 14.010673947551854, 13.343712259812694, 12.695000124362213, 14.050962484531265, 15.106992689709127, 13.10586780403211, 15.716626215962163, 12.252276379053304, 15.664063988092009, 12.82536195183336, 11.268380260465175, 11.487100454032568, 10.782822822105375, 11.694143646644974, 10.206195473909121, 10.737272961989897, 10.447459542264992, 10.221448517447469, 10.039531120925616, 9.431922351605238, 9.007164509697587, 9.12974793656028, 8.31149029203037, 9.08111951170122, 9.319865865811614, 8.230059580746543, 9.437484029894636, 8.454557906009853, 7.409172182876181, 6.300570695258775, 7.746902498082291, 7.027781785822694, 7.041323265463663, 8.033784972589512, 7.735746822547374, 7.946554633044258, 7.236954452778341, 7.33371009283837, 5.830812109697869, 7.95416778309391, 7.421031401777065, 6.91081047028496, 7.608809941668076, 7.479790806896684, 5.571384969057997, 6.999671211048206, 4.9861466903155245], [31.760479859043414, 12.295563195748908, 6.108846074616463, 12.538398442262546, 0.0, 12.310959474806324, 4.324552924795768, 12.59910569539276, 5.192903829882067, 12.178609841860553, 5.610820826253836, 11.894322253518185, 5.698548517501325, 11.780970012072356, 5.8473841087580745, 11.876870317189121, 4.8136826503828996, 12.393670155959027, 4.393283643155836, 11.983864881973398, 4.232033602697691, 12.085881044594586, 4.773366059770857, 12.356857097086179, 6.21385526487929, 12.082237288801467, 5.235585319029822, 11.870298269975757, 5.885622653686858, 12.115797782412018, 5.139347141230063, 13.881649574776104, 4.628296486606534, 12.794626543683904, 5.529893126153594, 15.291179236350501, 4.803090876737266, 14.394147380015436, 5.639872325171122, 13.385029269654732, 5.172626482621289, 12.773019727401131, 6.222913833071272, 13.285376418572461, 6.204164394876125, 13.177785403586151, 5.224790954269484, 15.288754592935456, 5.064822317835512, 15.613191678173648, 6.965242433980852, 15.708480076645875, 5.242517081236391, 15.434128409808059, 5.379896916532798, 15.398322179819754, 5.908725326597154, 15.713666246500898, 6.0246212313575205, 15.58260187326115, 5.041657379119414, 15.756409035613235, 6.193432143412771, 16.260434766466396, 5.930345383526829, 15.84745688566293, 5.037469198507442, 16.066532686190364, 6.260507880066105, 15.682255224179173, 6.858065339012413, 16.465170715746755, 6.612217533492157, 8.137083466050463, 6.898399222048047, 6.930175464870599, 6.817322927004413, 7.577987310634097, 7.283100023109838, 8.578624339952121, 7.4775432599116805, 8.497571802124545, 7.535856375009742, 8.897958002091562, 8.958785912421709, 10.231069833634868, 10.170983417168944, 10.275498248192774, 11.85648630996397, 10.244274844572665, 11.328532714513736, 14.473327165425495, 14.15751199174442, 13.52395678487966, 13.455833712652705, 14.846748501164713, 15.756449222075199, 14.29995009985379, 18.59721985689801, 15.097517252458244, 17.63907748655625, 16.800388516202442, 15.598555800423643, 15.378761411129025, 15.13861134456871, 14.905031718369255, 14.94331402443713, 14.541127717943073, 15.065026969497552, 13.862353530119634, 14.7457316135685, 14.336991037692671, 13.95261582541149, 13.65289761398537, 13.697403452802032, 13.58471303415449, 13.670042375566288, 13.009501030479086, 13.750589524681487, 13.709408647542178, 13.09115338548258, 12.755692967920856, 13.292443655758197, 12.884989322663618, 13.021655535967824, 13.111181624025788, 12.89879519502677, 13.22075683178283, 13.262763224276592, 13.063164832928821, 12.503901391297646, 13.05024229344259, 13.01590050113493, 12.39816647395235, 12.73289031421192, 12.998848252596208, 12.757620612257856, 12.651219426177885, 12.521802241284819], [33.615247123892566, 6.024472908796075, 12.596174182532812, 5.665106375551417, 12.310959474806324, 0.0, 12.304530577528103, 5.470488682185091, 11.943409812481145, 6.001284096370633, 11.886388890811283, 5.037910851907416, 12.010639081117066, 4.455625165957437, 11.899799595502293, 5.467947827740613, 12.152467677855153, 6.1105190864970345, 11.732147859448325, 6.242819208750433, 12.057196992952525, 5.627644575613408, 11.61073274953873, 7.369512700324713, 12.274898573537024, 7.029272473219561, 11.26930993373468, 7.089971064750956, 11.63504426047888, 6.020539096867042, 11.220474131072045, 7.872929716584368, 11.792044723838632, 7.420171548706016, 11.807122418200745, 11.55919971867622, 12.00929613170698, 9.476787836469384, 11.528275891836257, 8.001182365612967, 11.492913391550534, 7.072482777899853, 11.10701377626111, 7.440145767547157, 10.523547738282844, 6.974693357370555, 10.490191041498138, 10.817795478349565, 10.594853200722207, 10.920910576525497, 10.898221800125578, 11.58133934230354, 11.081797710680837, 10.893746697921754, 10.234350980621365, 10.853966228402323, 10.83162554713775, 11.052517929059414, 10.930059231857978, 10.594130778193405, 10.11372416706529, 12.096840352068979, 10.928900191273122, 11.251157128798257, 10.412843676100138, 10.808270873595614, 9.868309138632195, 11.201515398983519, 10.025379721323656, 11.329526216338058, 10.688815780962619, 12.27817846802657, 10.286406906238431, 10.476981678540199, 10.62815998344923, 10.544175338754664, 9.923840306068126, 10.410362368611976, 10.117225869346209, 10.601085077043995, 10.067502590921041, 10.28310636050531, 9.646736139473997, 9.847478339457458, 9.729986609018011, 10.973556702425219, 10.74693305016508, 10.813013967371562, 12.45038222019342, 10.298138430127823, 11.20054113517806, 14.246065362243208, 13.646457371487752, 13.248218665164266, 12.887709202141378, 13.98063781484406, 13.566728692927928, 11.838292254428382, 17.308042887574196, 12.347379658419419, 15.617472318842257, 13.736895042168381, 11.492972065557773, 11.892743510081553, 11.691430678221131, 12.320510937722702, 11.108114115743499, 10.922470560306428, 10.79111438007435, 9.786578494295874, 10.692749476750707, 9.827735468303544, 9.689340587825495, 10.002644272687185, 8.341317666014616, 9.536116923834454, 9.50437955409218, 8.221564143147871, 9.251916649700577, 8.096376600241388, 7.465769643534824, 6.96417910361446, 7.8429397351369765, 7.058614946410897, 6.510186200453064, 7.335377929546335, 7.111402342964659, 7.055110748168005, 7.131378852861738, 7.743770831028326, 6.3911437152223005, 6.234329435505241, 6.910750150415025, 5.4694496354829205, 6.778148648826005, 6.8318489193543055, 6.438950733018578, 7.059180105507747, 5.676539329959837], [31.888928851646487, 12.786710884088176, 6.102601191791916, 12.402897573748957, 4.324552924795768, 12.304530577528103, 0.0, 12.448795463465132, 4.7238920881348205, 12.409311104392156, 5.469004817133894, 12.256771548059255, 5.817176314872818, 11.651380260981602, 4.382584138303203, 11.973186427699508, 5.37864602460616, 12.311444099976564, 5.732359684314446, 12.017253697844954, 4.914810357849407, 12.263062002147588, 5.023577262720713, 12.771462232509418, 6.893122937416769, 12.22583596911308, 4.910085327976256, 12.814854431822022, 5.112841713120465, 12.48732507629877, 5.067813633321014, 13.524438830939525, 5.711792812670021, 12.885527348183164, 4.917300611133353, 16.048582005340013, 5.358003423164517, 13.801423835174369, 5.955401242044768, 13.685868799015893, 4.702321808651331, 12.922582019653095, 6.160817606346172, 13.098842845134907, 6.708756612253049, 13.453891322007205, 5.581311072724726, 15.110535953630967, 4.589254753460946, 15.413035886213526, 6.315757570378426, 15.946278958191229, 5.052417506740976, 15.373571820972096, 6.115966800588587, 15.262848564270957, 6.137237361818575, 15.812965449032143, 6.864337955064398, 15.410906494577624, 5.392635247118264, 16.047164643560844, 6.554976705563751, 15.800112392802225, 5.896130501760331, 15.931014210645307, 5.277155987857713, 16.08600926910054, 5.5168075308177675, 15.331006459296118, 7.963571647796053, 16.56131815467262, 7.63172176505572, 7.9032461034544585, 7.149309394850752, 6.599652672686781, 7.182417061365966, 7.612212898994039, 7.490791093782239, 8.316645011364729, 7.2403909086328815, 8.930127121294245, 8.215940978512151, 8.094242851871263, 8.910076130600945, 9.589668434960505, 10.14914293357138, 10.498865025275146, 11.501109734204295, 10.197246839217382, 11.633085181282704, 14.548277541069321, 14.196200454867746, 13.671184314472658, 13.475584730052567, 14.810298748384431, 16.43196647126663, 14.80822182529963, 18.366940940102513, 14.888974269372962, 17.972354281119326, 16.235218004509964, 15.327600859049484, 15.826965376997467, 14.977287391207755, 15.297713233695594, 15.078351017016175, 15.08913752713413, 15.014685006582281, 14.410923666190481, 14.516320891053693, 14.064196563554136, 14.06208027112011, 13.658650291809955, 13.897668624616044, 13.696011927503319, 13.693409760758284, 13.38814265540952, 13.816938424156788, 13.464011076241034, 12.768909483801126, 13.100244222199796, 12.843450979604532, 12.919316562046008, 13.296185293708497, 13.303073756769072, 12.942154054202625, 13.190785383990058, 13.850586305588815, 12.884926618842371, 12.74139015747324, 13.137581176633429, 13.11983188062634, 12.561730931889164, 13.229836395563549, 12.712110313871058, 12.789727925696372, 12.605417041416581, 12.9182232057192], [34.07940900929538, 6.194018381342337, 12.551216775697394, 7.173937110334934, 12.59910569539276, 5.470488682185091, 12.448795463465132, 0.0, 12.38811157272758, 7.671767224907068, 13.044900332459202, 6.077534613364335, 12.382872644523548, 5.382934639443083, 12.71532460416636, 7.44120292113583, 12.077192396589515, 6.316039068380116, 12.379071783024923, 6.426169485864637, 12.660703181089572, 6.083098056665574, 11.90676543771287, 6.903773399964126, 12.73938218867659, 7.373583923627446, 11.384817857332585, 7.842383757952007, 10.936065575763772, 6.291917727396717, 11.711242067241526, 6.98456071882876, 11.785569202180032, 6.806118826242551, 11.305099049578164, 13.033518108675686, 11.822505841904864, 9.490828829517126, 11.04565671163335, 8.679544677889641, 10.583092255264914, 7.923620628305338, 12.130229693991607, 7.883859312099854, 11.072092586565638, 7.172926080453283, 11.382061399638852, 10.790736323874759, 10.668860293899266, 10.682480139912167, 11.688093968449724, 10.722427458842066, 11.313355239405269, 11.024611180053451, 10.567040778674482, 10.940815651776665, 10.671897064698003, 11.423583541250068, 11.87774126092479, 10.790555047858565, 10.430481186848297, 11.863028433428974, 11.115373116808293, 11.575266954565674, 10.131002318026987, 10.97385944774598, 9.653116502529844, 11.74769388161315, 10.803690098110586, 11.249811403322116, 9.96703301369768, 13.458830742066601, 11.08890368937124, 11.039807886557007, 10.260039275997633, 10.632544450908807, 10.068723634639703, 10.415833416412305, 10.420115115522416, 10.433346683837803, 9.665118798839469, 10.520736746902147, 9.936854578701638, 10.059099416714025, 10.081354910944386, 10.796357455963165, 10.26532224143592, 10.902008279235169, 11.817269913276265, 11.026090974886195, 11.25585713028426, 14.486301778059048, 14.297211589588251, 13.634564768444209, 13.268061114626443, 14.442132721464088, 13.244101396171176, 11.427329455820262, 17.13413428174928, 12.232298717585248, 14.93256612792171, 13.774888738443254, 12.989153829366447, 12.1067724520587, 12.055647339549814, 12.644929843445933, 11.930217172548206, 11.072163867034904, 12.15100387498446, 9.444758884845463, 11.147564529538034, 10.870578758319702, 9.50493603715659, 10.071525973068328, 10.638494876591109, 9.273269737349853, 9.082375017018784, 8.942682389678625, 8.413708707124943, 8.10801701919193, 7.34839780995482, 7.9999607496694285, 7.544249158622218, 8.347250984521956, 7.9569028655034195, 7.66251993177615, 6.432478862006848, 6.666772961314541, 7.169616897831452, 7.949210247878981, 7.09800334726098, 7.148933499442427, 6.501982884059983, 5.99278670469686, 7.236188266627298, 7.537631986513789, 7.151804459245886, 5.6882146684053385, 7.209427070196623], [31.622072055324352, 12.347409145377785, 4.419857921817885, 12.070512800244535, 5.192903829882067, 11.943409812481145, 4.7238920881348205, 12.38811157272758, 0.0, 12.050423294655308, 4.7146287680151735, 11.83177323507369, 4.512313602399059, 11.724504023423139, 4.662943654913421, 11.841518888146036, 4.034886853056972, 11.904621672262667, 4.985518975291173, 11.978166727229898, 4.721874573352566, 11.555309426809957, 4.070986146659089, 12.496409978110782, 6.105991667372738, 12.342559517025082, 3.9926878878132857, 12.429612625085285, 5.414482489803346, 12.126587255466244, 5.184115111361692, 12.673866526750446, 4.693328212082182, 12.444381277481526, 4.552036498515175, 16.11028437621651, 5.089005444985954, 13.023043962728831, 5.6416995734013335, 12.978691843772172, 4.470597076216818, 12.820205823830776, 5.213151817802679, 13.207544523154207, 4.965147014465396, 12.683982602529557, 4.905749253743082, 14.922125042605076, 4.761649108236641, 15.253905072679373, 4.890156216023979, 15.661441499218721, 4.877478962239056, 15.16995023884411, 5.835333476961259, 15.171790047361862, 5.574686594898964, 15.474810137459082, 5.195761758496401, 15.096862386584165, 5.436280120295624, 15.78940993698622, 6.019656222428157, 15.536869632656135, 5.394673512346351, 15.2851278696805, 5.12341892513716, 15.828111895208863, 6.204399771162262, 15.379011271453496, 7.235642151695162, 16.496672058134315, 6.985878532957859, 6.3348874329037415, 6.53331317110844, 7.456086971867044, 6.129786565922896, 7.779099346451339, 7.0327460171081295, 8.202102426567485, 7.169022373643983, 7.893517173778451, 8.142191957211704, 8.153242925657027, 8.011490968832971, 9.634962603672893, 9.841130789192917, 9.998691685342544, 10.811550922588653, 10.583222100506124, 11.355987940360526, 14.125971623205205, 13.84308991682532, 13.471011506092756, 13.17510532442183, 14.535358753095595, 16.171563892487836, 14.491383096542236, 18.42117546371297, 15.445601609115036, 17.814933962940394, 16.11475076399372, 14.605629712932403, 15.01967595714453, 15.141878330717484, 15.12232934757401, 14.380373884602998, 14.866888244851012, 14.303486870523592, 14.011173596725621, 14.09596770183993, 13.99588785382826, 13.989104274322147, 14.091077525406615, 13.667715153741582, 13.592569526054051, 13.22921433417844, 13.046181812528614, 14.366813069726824, 13.235928552598196, 12.860984891533912, 12.820632958237955, 13.040824172510847, 12.712346558564153, 12.388453368694618, 13.003892327136295, 12.93930279708495, 12.78229023088706, 13.057303752829254, 13.080520086940334, 12.270334214926258, 12.850317481690405, 12.74606092333378, 12.277627142312294, 13.119002766516148, 12.865509457773706, 12.624827772681263, 12.772015842766486, 12.209634934556211], [33.82466621200499, 5.319184499626495, 12.55476278106781, 4.7828185687569365, 12.178609841860553, 6.001284096370633, 12.409311104392156, 7.671767224907068, 12.050423294655308, 0.0, 12.029544941358491, 5.109504098681396, 12.122945257114097, 3.9871003252917228, 11.723293469855669, 4.886060574178523, 12.074114449126888, 5.680340621267096, 11.471417625630043, 5.654670161959568, 11.57802200009245, 6.274013142876784, 11.483539025782404, 5.126643077815984, 11.180679275198367, 6.15370612678252, 11.775451582507833, 6.818882503225109, 12.26392585787531, 6.4713994048967045, 10.900997915165984, 8.155758394794, 11.28378517331214, 6.366406793857058, 11.273427639471972, 12.123371893143075, 11.140343431782936, 7.929536020178516, 11.863078939601621, 6.953606200901566, 11.056351625628766, 7.460996345843282, 10.518461702776229, 6.962547214435649, 10.73451780585792, 6.667021380689604, 10.26867620917154, 9.94104277837881, 10.871072675217937, 10.685639160506133, 10.572300201796688, 11.03057699567274, 10.192707025923513, 10.841904555005152, 10.577309837643483, 10.340433190083484, 10.240032729156496, 10.545389160991594, 10.363827295380693, 10.611400070413344, 10.157886236732143, 10.542625089723453, 9.76703576744853, 11.71784507179318, 9.98314307149768, 11.1663417013783, 10.591955982245683, 10.444415542525064, 9.968478341077228, 10.871992798770618, 10.993287511999474, 11.290037416983944, 10.034763658313866, 10.584713579299553, 10.19388412966914, 9.933655481044212, 9.705755739301187, 9.320499724928839, 9.716065138225844, 9.952904457378258, 9.430459112949208, 9.706328782824048, 9.704596481926512, 10.07936838638317, 9.865183059241811, 11.133815861585761, 11.425825658633913, 10.325225509143351, 11.82973309876623, 11.015290890682339, 11.538274917629645, 13.772923153898647, 13.589048000586153, 13.30249714206069, 12.6006655355501, 13.543354045279266, 14.892438597894994, 13.198468486751489, 16.749836287130115, 13.008607593855704, 15.211957619510542, 14.004059482766815, 12.074456505585024, 11.969724017850725, 11.787217675894812, 11.524327222749644, 10.769890074059841, 10.420486121158286, 10.800992917356174, 10.218666278756622, 10.319224824250767, 9.636679341838994, 9.67844019302876, 9.463976119204505, 9.184087305279213, 9.045847381908978, 9.777735099973524, 8.190499088515883, 9.404101166356714, 8.689094420404667, 8.135341589961573, 6.640489863679275, 7.597365915571487, 7.113297571347335, 6.861548907643425, 8.007664004927793, 7.441589837953894, 7.828839849913388, 7.872562434125648, 6.192061782002936, 5.903070544134715, 6.5210825749539945, 7.923301512066412, 7.656784138970136, 6.55725155688029, 6.143226368297688, 4.855282627594912, 6.454445393661433, 3.9694346886914524], [31.712385306404137, 12.806103325403324, 5.614728930887733, 12.11657312333702, 5.610820826253836, 11.886388890811283, 5.469004817133894, 13.044900332459202, 4.7146287680151735, 12.029544941358491, 0.0, 11.98623578607583, 5.3030971527217705, 11.529147676596605, 4.00132928224192, 11.981574028350755, 4.566102483920391, 12.244994499368925, 4.317650921554759, 12.216400260409864, 5.265939108675478, 11.680456829566554, 5.4725595868092, 12.603909018590032, 6.0930913706763, 12.400322770540612, 5.543526962820624, 12.9033095792207, 6.0234047115186495, 12.434360707056094, 5.8883872924252, 13.175497088004981, 6.9925369561604205, 12.396614989900181, 6.087299016245478, 16.407745065022745, 5.845158252611203, 13.237263864139257, 6.186998858345126, 13.237248484897714, 6.334241935793659, 12.975572018013397, 4.585800555778652, 12.93611720160683, 5.623428241048782, 12.93807792145415, 4.9159247522516445, 15.234269623636173, 5.80056869182615, 15.513163193820068, 4.907335960804595, 16.119933734010544, 5.177398380083556, 15.0810152605196, 5.403296037375094, 15.309963173726471, 6.1118499102058035, 15.564992196472286, 5.963182716931615, 15.186025157845334, 5.516615066270708, 15.630079927521622, 6.399605093439439, 15.7608788404893, 5.795572764133038, 15.291470235066011, 6.732960076357682, 15.40729995530907, 4.140849995548947, 15.443153682900434, 8.506057407046363, 16.034919636310182, 7.30221305875025, 8.218650524637384, 7.315824415305973, 8.122683764747775, 7.035272392077149, 7.880767889428731, 8.229583061171866, 9.250415015703263, 8.184101871801163, 8.37123096686714, 8.76052879911929, 8.270021715365909, 8.638569697926732, 10.122591526162239, 10.086450695356259, 10.109961692954418, 11.888023959458797, 10.204987512696935, 11.949421108395383, 14.769703139382962, 13.831337198730914, 14.163501282378505, 13.631501936984693, 14.736485304603027, 15.937744664958542, 14.58350323350587, 18.67072944940636, 15.379960263424618, 17.34967254893627, 16.07194003025935, 15.073512063201242, 15.688402760606596, 15.736260994651598, 15.936442138522896, 14.877777631609902, 15.067236841003876, 14.066628355324447, 14.496564950547866, 14.791652178824469, 14.446215804649693, 14.304621311701613, 14.112842804777435, 13.543650059619663, 14.270437324047137, 14.478136160901894, 13.448273512569175, 14.266391376283766, 13.580844722568862, 13.106876907405361, 13.03168456249694, 13.162033270794339, 12.442918131174986, 12.846845315671091, 13.165203510786094, 13.204149737747768, 13.323949838282816, 13.342995019126564, 13.013463502525834, 12.600770661485424, 12.952903286883979, 13.537009186839498, 12.968388661561068, 13.23037976181253, 12.794507010282095, 12.700003792971257, 13.380249493811913, 12.074103629487006], [33.4557600945728, 5.060329993079131, 12.305852521643223, 6.447579661579473, 11.894322253518185, 5.037910851907416, 12.256771548059255, 6.077534613364335, 11.83177323507369, 5.109504098681396, 11.98623578607583, 0.0, 11.495207665800638, 4.355329015404282, 11.660864065588806, 4.408386546914634, 11.48549855779295, 5.249403178839175, 11.5489745121217, 5.7527804281965995, 11.45124159165762, 4.5670069517286, 11.485666380756651, 4.841014610206426, 11.469825394379205, 5.198292429038172, 11.212200570628706, 4.912643073019913, 11.300842044331034, 5.860993247099254, 11.056332336270895, 7.689474815336535, 11.174777849638566, 6.335435931716108, 11.328711388991039, 11.28020818526488, 11.104711681699477, 8.889291270768894, 10.854667760551184, 7.206928661894844, 10.826009791160628, 6.104529127713749, 10.64148009349189, 6.759752924828349, 10.418976632780193, 6.195394808600903, 10.176669163046098, 10.147390039743703, 10.148025528392031, 10.140223281329623, 10.970017670010266, 10.488908291277017, 10.390018859557037, 10.272403176341612, 10.106097921337403, 10.316018584306313, 9.929947423853212, 10.389097684906758, 10.225293632653175, 10.367256594285436, 9.456989577815015, 10.654001682117999, 10.43312160760412, 11.479425018408502, 9.551623281274685, 10.343507299899336, 9.694021692854285, 11.06474056068444, 9.569040222574763, 10.913566082701182, 10.367372223615416, 12.076949517896933, 9.38365050502901, 10.273094479333228, 9.899934732034176, 9.529535222398975, 9.06794554314093, 9.389958107124274, 9.13530896845297, 9.668110214075293, 9.42694911341091, 9.25127519028839, 9.209451509677322, 9.776153122393264, 9.76066744390281, 10.556461030559817, 10.549839214745951, 10.720323192167632, 11.085153930991051, 10.625520100875212, 11.705798754643325, 14.10602387763491, 12.893186689501361, 13.059000950701874, 12.688090573811214, 13.798386982408534, 13.896239621057607, 12.225729264064267, 17.555926652914433, 12.810922566675352, 14.379931471049234, 13.798006297837498, 11.417256031374505, 11.45306780152652, 11.772948790871437, 11.697657041467583, 11.44983936404691, 10.945492535604316, 11.112197361866205, 9.995539688122442, 10.544550993723231, 10.087271588146715, 9.47069744293862, 9.568220367597759, 9.75352308400316, 8.61171853462111, 9.346178102354402, 8.254932110431021, 9.520437311248184, 8.62729923412706, 7.741351661222107, 7.476479242675681, 8.199087155697278, 6.933065151826967, 6.205344248231979, 6.696518772348264, 6.851280437401183, 6.902970395621841, 7.500280025632041, 6.584826627577822, 6.101489461568584, 6.502071867379868, 6.653540176279327, 5.4125390356495915, 5.607049729422266, 6.526101486044046, 5.500152822688227, 6.353447945398537, 5.142808571692947], [31.574195654302248, 12.277084514344782, 4.1988216775542675, 12.363425230102182, 5.698548517501325, 12.010639081117066, 5.817176314872818, 12.382872644523548, 4.512313602399059, 12.122945257114097, 5.3030971527217705, 11.495207665800638, 0.0, 11.838938517942454, 4.746086272002997, 11.624660311662725, 5.132308852514532, 11.769280045704578, 4.417957864472259, 12.167234492957869, 6.285348901969058, 11.321893140975343, 4.916459696220524, 12.063369300929594, 5.239049036328323, 12.016559575291843, 4.697507134155958, 12.433749787782112, 4.48864854850426, 11.694741359735612, 4.765429546573084, 13.302689473355942, 5.682096212174237, 12.07432128245157, 5.435212842571963, 15.248765535870493, 5.485842174157146, 13.922158552932528, 6.260243818585281, 12.430281396834344, 5.5060380291864, 12.38609675821559, 3.996879424669562, 12.755768159075036, 3.927694753724072, 13.106998007097857, 5.0889934262334675, 15.285871207920483, 4.301136121401202, 15.310818027103574, 5.9915621227278075, 15.382591196456112, 5.174986724909174, 15.256809005510105, 5.900658532517916, 15.139501948658902, 6.116820687255496, 15.269691489629537, 6.1487109170876195, 15.235608064611075, 5.428502200833238, 15.88567675848163, 5.105504942566382, 15.80262987475346, 5.439408733676501, 15.316048793152447, 5.516569038972013, 15.649069152526982, 5.367483932622831, 15.54323913147771, 7.15112816998985, 16.653801755732207, 7.007458882865591, 6.843180072571087, 6.6922785376393366, 7.634774614025279, 5.686527851390175, 6.767999891079574, 7.016634857235593, 7.412564426788932, 7.547141646775979, 6.980322577741521, 8.248389482238961, 8.43834541613269, 8.337559314479233, 9.78635094541146, 10.114640731976854, 10.661470348458346, 10.416936199430774, 10.916466295162541, 11.722486690698988, 14.412952811999373, 13.313485083984373, 13.295042005321948, 13.089227055901366, 14.45775887367468, 14.795080487290894, 13.772918493332336, 18.66683650240696, 14.904830221539045, 17.228905632749516, 16.68312505365611, 15.065411522511244, 15.333776466039504, 15.438714577884808, 15.526688688864766, 14.726654834961938, 14.437709420117828, 14.690047946071754, 13.821828077513052, 14.077506400751505, 13.533383002550181, 13.9453373287897, 13.730854647224492, 14.047003410409769, 13.80722713567625, 13.784848745776053, 12.866430718428154, 13.955160721542295, 13.63032846995409, 12.860640626711868, 12.780629918063644, 13.241209022304584, 12.459742386622155, 12.34370314282521, 12.913671054592163, 12.50355158644686, 12.834765708683683, 12.55836890933716, 12.880023856716413, 12.188025811072357, 12.652616502190458, 12.520051645475027, 12.17431426578371, 12.833733390213398, 12.940429341376166, 12.285486020508808, 12.825050266069534, 12.155947615000215], [33.6747888406441, 5.482828711496433, 12.094008165693078, 5.676362172417609, 11.780970012072356, 4.455625165957437, 11.651380260981602, 5.382934639443083, 11.724504023423139, 3.9871003252917228, 11.529147676596605, 4.355329015404282, 11.838938517942454, 0.0, 11.2655732469918, 4.522767712984228, 11.349237258394998, 4.971224971583968, 11.299702458444834, 4.436045270798081, 11.245102811448174, 5.148860203825859, 11.073987719320371, 4.982134821405171, 11.278352801956686, 4.772455662836164, 11.00894366896326, 6.2534615184519, 11.226631996200721, 5.394192011117456, 10.334276840635443, 7.240002560531328, 11.24134505985169, 5.252448828866832, 10.942017551540268, 10.861942748643866, 10.879478573562707, 8.182031670281635, 10.728073412975322, 6.896912697788011, 10.39069810414635, 6.12326668836586, 10.351146504353455, 5.664434629467236, 10.228562638344536, 5.829163192749745, 10.148552092264488, 9.421448685376971, 10.330996805671552, 10.053427172176109, 10.222111548655285, 10.650563053382866, 9.81678034644252, 9.992313046966478, 9.749148062445428, 9.765638426646966, 9.73975201795041, 10.546525113299365, 10.298053431717472, 9.99908452081829, 9.505319616319321, 10.323729981613717, 9.52410752301105, 10.886180868701498, 9.471326919867181, 10.350904527716924, 9.6787910548141, 10.066964986566633, 9.219063541754467, 10.250078497192641, 10.255109987275139, 11.536976830715833, 9.783156772070154, 10.2396813807849, 9.995236449072339, 9.543031923979544, 9.411767089321906, 9.122371966833303, 9.388843905118538, 9.615108516803033, 8.70756940764808, 9.500827130617179, 8.9295534801923, 9.320946077691627, 9.470939011588086, 10.29139363193057, 10.380305430595099, 9.95085162148711, 11