{"data": [{"timelabels": ["2016-02-23 05:24:52", "2016-02-23 05:25:02", "2016-02-23 05:25:12", "2016-02-23 05:25:22", "2016-02-23 05:25:32", "2016-02-23 05:25:42", "2016-02-23 05:25:52", "2016-02-23 05:26:02", "2016-02-23 05:26:12", "2016-02-23 05:26:22", "2016-02-23 05:26:32", "2016-02-23 05:26:42", "2016-02-23 05:26:52", "2016-02-23 05:27:02", "2016-02-23 05:27:12", "2016-02-23 05:27:22", "2016-02-23 05:27:32", "2016-02-23 05:27:42", "2016-02-23 05:27:52", "2016-02-23 05:28:02", "2016-02-23 05:28:12", "2016-02-23 05:28:22", "2016-02-23 05:28:32", "2016-02-23 05:28:42", "2016-02-23 05:28:52", "2016-02-23 05:29:02", "2016-02-23 05:29:12", "2016-02-23 05:29:22", "2016-02-23 05:29:32", "2016-02-23 05:29:42", "2016-02-23 05:29:52", "2016-02-23 05:30:02", "2016-02-23 05:30:12", "2016-02-23 05:30:22", "2016-02-23 05:30:32", "2016-02-23 05:30:42", "2016-02-23 05:30:52", "2016-02-23 05:31:02", "2016-02-23 05:31:12", "2016-02-23 05:31:22", "2016-02-23 05:31:32", "2016-02-23 05:31:42", "2016-02-23 05:31:52", "2016-02-23 05:32:02", "2016-02-23 05:32:12", "2016-02-23 05:32:22", "2016-02-23 05:32:32", "2016-02-23 05:32:42", "2016-02-23 05:32:52", "2016-02-23 05:33:02", "2016-02-23 05:33:12", "2016-02-23 05:33:22", "2016-02-23 05:33:32", "2016-02-23 05:33:42", "2016-02-23 05:33:52", "2016-02-23 05:34:02", "2016-02-23 05:34:12", "2016-02-23 05:34:22", "2016-02-23 05:34:32", "2016-02-23 05:34:42", "2016-02-23 05:34:52", "2016-02-23 05:35:02", "2016-02-23 05:35:12", "2016-02-23 05:35:22", "2016-02-23 05:35:32", "2016-02-23 05:35:42", "2016-02-23 05:35:52", "2016-02-23 05:36:02", "2016-02-23 05:36:12", "2016-02-23 05:36:22"], "name": "PFM2 User Test Data"}], "distancematrix": [[0.0, 27.47112009260254, 23.102364684682616, 24.991686380801927, 26.600412112727323, 25.674183901651936, 23.240843052446795, 22.95106405386053, 25.75683206632805, 26.165283596730973, 25.61676145860132, 22.839698663285066, 23.045882755168293, 26.41590809828956, 26.55490068142617, 25.329085633091225, 22.577113299978176, 23.021759211724383, 26.61104104384847, 26.054068381423228, 25.48041058592002, 22.79016257491633, 22.97366432525344, 27.25565497736618, 28.43797597042464, 26.007716488769557, 25.214994531951362, 22.9898539267395, 23.518175997088342, 27.345851056527774, 27.860981285063065, 25.656041529248732, 25.71341697358776, 23.091935422315306, 27.36305293274732, 23.62634300843767, 28.272334933199048, 25.909818517119056, 25.59170466127825, 22.800578595483017, 23.353449329096026, 26.92517112065283, 25.842556329266674, 26.151579606105273, 23.342700588719453, 23.699836791808806, 27.283280483000993, 25.752818006606713, 25.60022873465082, 23.361031974776843, 23.8201534072864, 26.75151956607578, 25.638342768805813, 25.53160076957858, 23.028564163540615, 24.216973222806907, 26.773966356422218, 25.981246592134614, 25.88340752736741, 22.78771034654263, 24.181279050022077, 27.542800271709986, 26.45868432436032, 25.921100874501654, 27.181556815014652, 22.945736786176074, 27.40192173117931, 24.78427015247603, 26.473742113100847, 25.673067716271323], [27.47112009260254, 0.0, 13.763109104954198, 14.587601699754153, 14.639309657388061, 10.925817119882069, 15.663908157609937, 14.004881322037734, 16.273881990162664, 14.117783495115082, 10.01516978598899, 15.422775576680495, 13.658098746215407, 17.343421129461134, 14.156765286273108, 10.202195180894726, 15.528807011245258, 13.570869816566864, 17.120939990535202, 12.878760494335635, 9.782129367966188, 14.863748810386983, 13.316820436048515, 17.49596473668654, 8.812900044989796, 13.221704107806396, 10.126575142574906, 15.45663616719344, 14.352635534715281, 5.611372587690515, 18.649689638554516, 12.882186787058531, 10.765186539040045, 14.993083917238081, 5.862011177528632, 13.73670879348612, 18.631468528393526, 12.910993091895849, 10.306333574373147, 14.77330668231479, 13.220157342124985, 16.557499080294534, 12.276556449104943, 9.668332238589667, 14.813831387988968, 14.107478140866593, 16.770691006957826, 12.692288801524079, 11.016069207977447, 14.977832940831746, 13.436567918884935, 16.05674524153778, 12.077422381409942, 11.184939305297279, 14.05028689334609, 13.472296480595995, 15.023400756964802, 12.796546056777249, 10.874716036391263, 14.326501961598552, 14.210804390354014, 5.727650681846986, 15.994389994922013, 11.267339904139853, 5.3605401254022835, 13.551394657932404, 5.124315842649167, 14.348296406663454, 15.138913135616393, 11.2104516527589], [23.102364684682616, 13.763109104954198, 0.0, 10.078686874405632, 12.557856248233136, 10.656155142852691, 4.997549533378691, 4.419361599762768, 11.263189773450252, 12.009139046551292, 9.956350262006271, 4.84779032002488, 4.750524106563436, 13.487005995943749, 12.317197364762816, 9.662263967027274, 4.90203758757291, 4.7409265776332825, 13.740543278143933, 11.752661171044618, 10.119270682216388, 4.562711447353396, 4.925009621199026, 15.510175082412232, 15.473172672997109, 11.15844849397388, 9.650399515711266, 4.197448996684033, 6.370605237168176, 13.93312442135782, 16.383251611647797, 11.973542846285614, 9.974227123416119, 5.022501820763702, 13.669900422291137, 6.091954635028193, 16.263863163664606, 11.57412599257616, 10.022958425653202, 5.077987785750415, 5.301462452828649, 14.955981991506743, 11.040373755015782, 11.250811982274868, 5.2473058636342556, 7.246094512311895, 15.012858153864588, 11.01172579854789, 10.324542469944356, 5.082319257588869, 6.744217706759517, 14.07604398417456, 11.494029711568682, 10.85755881822319, 3.5100848856639812, 6.574096979963731, 13.04889943114687, 11.11043124927636, 10.846661475025664, 4.772309211686933, 8.080927119078599, 13.7610181012881, 13.8377820514321, 10.862090446517774, 13.74674643985096, 4.191891242708962, 13.535659278332885, 9.367226408545433, 13.454834893396008, 10.470747965614462], [24.991686380801927, 14.587601699754153, 10.078686874405632, 0.0, 10.939674729550026, 11.100961015395885, 10.696350107515173, 9.97224580672582, 9.031678545200625, 10.969503426422087, 10.703815332938781, 10.568720621490055, 10.113326580836674, 9.988915769364588, 11.682920481544498, 10.768470931588595, 10.660571166071604, 8.871792475049867, 10.364373624307738, 9.783982281557716, 11.564003287945647, 10.639680773583185, 8.914406453891571, 12.037444833249305, 16.86093139038401, 10.186576813652605, 10.715320347193932, 10.92971512361596, 9.33665257454339, 14.335396325438492, 12.95187101328211, 11.39223390398367, 11.82438072352816, 11.342787856666288, 14.380109635758703, 8.631792676139561, 12.74671914824257, 10.877028398881441, 11.62255827917706, 10.147290203886872, 7.383570392951942, 12.155965550384087, 10.663248091383918, 12.016155378438048, 10.554730572264726, 8.805113102348537, 11.453001702635534, 10.627716557010995, 12.056057591860611, 10.664305140739433, 8.044403629068025, 11.30564379266843, 10.96942273246462, 13.014983269205656, 10.582204954915028, 6.776536569682872, 10.925553739328146, 11.638397884837099, 12.015249825063238, 10.254186542286863, 6.618210431150396, 14.658411589458323, 11.779284717195392, 11.183694791778532, 14.55877126786504, 9.170583604749671, 14.312667266839462, 7.003115376204848, 10.342185898817213, 11.872990660306943], [26.600412112727323, 14.639309657388061, 12.557856248233136, 10.939674729550026, 0.0, 8.81539003513227, 13.597038564162377, 12.280731522985924, 12.190359118636954, 5.129711522624256, 9.11994541052535, 14.042698558220915, 12.781514178734112, 12.63918072859678, 7.398681259472529, 8.887348481249889, 14.014643885858892, 12.918687778224175, 12.955382047466895, 5.823377727997388, 9.699442373967251, 13.860315107942125, 13.244007717445616, 13.172717300777052, 16.91008961573705, 5.800497276454527, 10.105947357110269, 13.46628139480567, 12.283115709121452, 15.10349354181704, 12.982310666445743, 6.614988916356132, 10.886260451871967, 13.355242137226044, 14.901953344642349, 12.505411235319809, 12.37607811642218, 7.123530258360152, 10.879389196936899, 13.458586445198588, 11.777062544725638, 6.903152962167302, 6.70253566853298, 12.910864927861862, 13.494111579865972, 11.422934096331055, 7.055898274892474, 7.01257434921072, 11.349774238606427, 12.927153520836843, 11.21694425120685, 7.501824680968729, 7.53477907462364, 12.231201061542858, 12.796726794339634, 10.4661701303469, 6.07862843516624, 7.0720619901665565, 11.71371281578323, 13.03783479939991, 11.206920389942942, 15.103894713313489, 6.524756589166381, 7.807151540416041, 14.723997547372587, 13.08342353488239, 14.612422373350503, 11.35488067693127, 6.942795921413724, 8.002382078301572], [25.674183901651936, 10.925817119882069, 10.656155142852691, 11.100961015395885, 8.81539003513227, 0.0, 12.441240719789512, 10.768183707477633, 12.948506112101642, 8.811897303903296, 4.796421325482405, 11.77620021918864, 10.734837070808345, 13.88981787019555, 9.235184863495546, 5.60446173512586, 12.15362983534227, 10.420089448613064, 13.724660488308002, 6.668330790934368, 5.560066847841163, 11.918775067776727, 10.255878564632631, 14.217697034665315, 12.605874002266045, 7.4307825884895085, 5.480063238542777, 12.138481805133614, 10.91974751637781, 10.760582313594783, 14.357632619431037, 7.553928388345849, 8.35013940537889, 11.944866775692988, 10.981671911321262, 10.686574878537586, 15.204071728198416, 8.052771217909699, 7.188338307667383, 11.695607396101913, 10.298328868930573, 11.392241910408508, 7.027647992561533, 7.655192556479261, 11.931520140711193, 11.103120619931474, 11.486545090105391, 6.86835076035922, 7.283180054549204, 12.156444890555093, 10.860533761530755, 10.905736139738378, 6.763351428849847, 8.00172669047154, 11.27556252975847, 10.168137245801576, 10.157305715623796, 7.944477643282574, 7.441675737919643, 10.71997324595638, 10.60382284936087, 10.902968930359583, 10.41214248586295, 6.744332450542241, 10.84566833754866, 10.236311635608118, 11.023831582377891, 11.093100319753692, 9.98230309682253, 5.714129152929311], [23.240843052446795, 15.663908157609937, 4.997549533378691, 10.696350107515173, 13.597038564162377, 12.441240719789512, 0.0, 5.966552066813052, 12.380286689417169, 13.230363105585218, 12.180157787931126, 5.846443764784584, 6.068743752092679, 14.05532912746532, 13.998745290295608, 11.827352149472766, 6.020163101096872, 5.711136981241438, 14.529768623046754, 13.044560992248813, 12.093459945221891, 5.553554184380208, 6.276905760427878, 16.444730405798317, 17.301676427715538, 12.987651118088566, 11.838076846867478, 4.42851093848818, 7.962384495750036, 15.90262601883146, 16.979389314674982, 13.636273799512741, 12.476580019871125, 6.504697412171217, 15.609791405415349, 7.348135063954344, 17.757535717137657, 13.376134889627338, 12.125125404124809, 5.60293758988346, 7.380313475779003, 15.762005899854751, 13.28279212951366, 13.920712901774838, 5.9511551060881835, 8.488275686178023, 14.881934501530223, 12.985510928784063, 12.555119503043663, 5.910344532391363, 8.737033270387867, 15.37955984611955, 12.76623364262228, 13.412951401365317, 5.865192176064847, 8.222804172143453, 14.651624247829835, 13.007538827225506, 13.498183626583907, 6.527567680561561, 9.61378504943718, 15.88010835454971, 14.872752926797624, 12.732050992893233, 15.46363195732444, 5.388317914183397, 15.70222943623421, 10.645308125015196, 14.144779554205483, 12.823139766253766], [22.95106405386053, 14.004881322037734, 4.419361599762768, 9.97224580672582, 12.280731522985924, 10.768183707477633, 5.966552066813052, 0.0, 11.484032419263759, 11.80128199154693, 10.070780409168473, 4.994469478187225, 4.826050137499183, 13.603791518030722, 12.901169054528292, 9.550636188968104, 5.195305261018462, 4.747683687703393, 13.598025874473304, 11.946043459340434, 10.306706534677378, 5.079145689738592, 5.429262812743427, 14.995161167768194, 15.852701575801639, 11.33197538750963, 9.238989413510316, 3.96771609270922, 6.142282841207723, 13.665449071030068, 16.50366599391722, 11.443762801864649, 9.730240749536389, 5.285837310096395, 13.5125756194796, 6.7893648858845195, 16.833127090393482, 11.428218111777435, 10.27224632654845, 5.699856577599129, 5.821723757378004, 14.155761621410946, 11.060877580064787, 11.072561185510269, 5.623066906164626, 7.403414160504477, 14.035030039489266, 10.709001833398865, 10.260173812215523, 4.385631843864945, 7.236324876376948, 13.456302527509447, 11.371172994018032, 11.087467197822743, 4.344374613268727, 8.413568599513313, 13.07188355865561, 10.956849160880607, 10.377601128547226, 4.30813639246146, 7.832286711134287, 13.97271342302614, 13.633845612425226, 10.72893519549125, 13.463800707254672, 4.556352972200612, 13.253726780966824, 9.022152951492721, 13.035958113981234, 10.164709057412365], [25.75683206632805, 16.273881990162664, 11.263189773450252, 9.031678545200625, 12.190359118636954, 12.948506112101642, 12.380286689417169, 11.484032419263759, 0.0, 10.997356878591752, 11.460887646294838, 12.74720822362867, 11.89176089150238, 13.226564186456724, 11.310041795312754, 11.89539370937831, 12.746334528220657, 11.479299137102975, 13.035989538521324, 11.436662448001371, 12.573144184118382, 12.290727266807977, 10.798353633057546, 13.643639998937944, 17.624002056096288, 10.809023642595019, 12.223417551210826, 11.196633370481283, 10.536044532266152, 15.84521897660529, 13.92059441872061, 11.880032525796816, 12.156699196157227, 12.283919441162308, 15.169957716791734, 11.174660293290907, 15.053112450836736, 11.564859055352516, 12.371734459230531, 11.996205328563441, 9.71438595431942, 14.294007952157754, 11.676248019413254, 13.417430500623508, 12.739234424968569, 9.26768453478095, 13.31543180993304, 10.96018499321988, 12.774031033865946, 12.037167050259917, 8.405306081272666, 12.69233916849473, 12.429860214730398, 14.201253788161951, 12.096057925843214, 8.371487058869329, 11.287203331471646, 11.644135485058806, 13.05501614132541, 11.540441237798985, 8.293333465307102, 15.595509528644918, 12.550491631402386, 12.315211557583506, 15.25472843634575, 11.67265077943637, 16.2627127099545, 8.759931486214313, 12.57192952985582, 12.452660600032079], [26.165283596730973, 14.117783495115082, 12.009139046551292, 10.969503426422087, 5.129711522624256, 8.811897303903296, 13.230363105585218, 11.80128199154693, 10.997356878591752, 0.0, 8.283209660504122, 13.60483515702954, 12.22838892613976, 12.555162655989882, 6.965169949132448, 8.622051611930392, 13.381827418346617, 12.020632789475066, 12.238388715464856, 6.099084424458008, 9.310910870404378, 13.097928029812426, 12.476238545879447, 12.180566661123398, 16.43053462532853, 5.594254069398189, 8.882622820759059, 12.500344861871689, 12.345918010567244, 14.252849508804157, 12.672927681661056, 6.141901575896878, 9.884317967387034, 12.920698845107182, 13.943584513094724, 11.854781866277149, 12.46704027872692, 6.278144438753235, 9.771574909475763, 12.839604383909492, 11.084413763140514, 7.7792132542521975, 6.097608341904477, 12.028674971547211, 12.660299719704188, 11.263151628573933, 6.939049777077258, 5.7736830774105705, 10.329592166562396, 12.376459364736442, 10.146614067212187, 6.928562275182172, 5.901611511871456, 11.293606420242266, 12.224341785241833, 10.477689392598302, 5.402470443899678, 7.207436186621807, 11.480289948625073, 12.554804973506988, 9.885480955778895, 14.438719833134734, 6.653829914473393, 6.883291572509321, 14.115088154599235, 12.419451873820984, 14.149982020240602, 10.629823594583316, 6.5048737605216, 7.2546655976604075], [25.61676145860132, 10.01516978598899, 9.956350262006271, 10.703815332938781, 9.11994541052535, 4.796421325482405, 12.180157787931126, 10.070780409168473, 11.460887646294838, 8.283209660504122, 0.0, 12.111784651206301, 9.7319841733366, 14.116102457002125, 8.032199189847498, 4.030991151152043, 11.959025763081893, 9.409318311377676, 13.788433218812003, 6.511994705449111, 5.501422944094131, 11.54224902205077, 9.204100116548277, 13.362784245129617, 12.78325923592294, 6.856356778776004, 4.782718924570245, 11.56905181999272, 10.534209750367719, 10.663828728248259, 14.291735478856047, 7.290337927304054, 5.695833736907007, 11.178637267040006, 10.143345576798858, 10.02772810040598, 14.60716043357096, 6.323962838415019, 6.253693960503707, 10.845964240922603, 9.013195977303743, 12.092112154302333, 5.816842475017469, 5.634215388724271, 11.179295239268193, 10.155303326215758, 11.639864663553695, 5.705039861640675, 7.078584573469189, 11.313168411740815, 9.495953884487248, 10.646309734363028, 6.454659993764806, 7.7450611258711435, 10.492635144864376, 9.495975578812045, 9.344924660685832, 6.616062378305999, 6.372307493462057, 10.165947430105907, 9.87443974990885, 10.488040756933179, 10.73197152930206, 4.639302943281206, 9.73577952012001, 10.028937517632524, 10.1378805250612, 10.093011517837967, 9.520657237524, 4.895900195233246], [22.839698663285066, 15.422775576680495, 4.84779032002488, 10.568720621490055, 14.042698558220915, 11.77620021918864, 5.846443764784584, 4.994469478187225, 12.74720822362867, 13.60483515702954, 12.111784651206301, 0.0, 6.182442587848815, 14.354028131603055, 14.401639503221746, 11.809206713437836, 4.65923041192316, 6.091547892088217, 14.325538136460596, 13.09780325365945, 11.995272448875191, 4.008088981554566, 6.209013838655397, 16.503039710475473, 16.602838399388222, 12.771482458996834, 11.507107443086989, 4.8149735124217266, 7.8546964584850185, 14.991255718204991, 17.258946687967047, 13.126733980085056, 12.843154148847912, 5.899644682620911, 15.306522314467902, 7.997684394586641, 17.036670270011555, 13.53981562784728, 12.731385327817486, 6.205189358689839, 7.348623006032369, 15.077181525570223, 13.08291908972865, 12.607416916153149, 6.667450515450662, 9.353112392978417, 15.631185465213669, 12.784209006412842, 12.444345244527009, 6.317859820609039, 8.48149699431187, 14.823276957933606, 13.161815762378462, 13.381376331360741, 5.140087690942102, 8.660701836609825, 14.421155996663764, 13.422747013803479, 13.004995755485169, 5.158932576584818, 8.967657285893951, 15.278852946092677, 14.942701276347458, 13.063290388372165, 15.203379697174892, 3.7635554605335377, 15.123667283226757, 10.035549268183631, 14.63001354550288, 12.46911376803268], [23.045882755168293, 13.658098746215407, 4.750524106563436, 10.113326580836674, 12.781514178734112, 10.734837070808345, 6.068743752092679, 4.826050137499183, 11.89176089150238, 12.22838892613976, 9.7319841733366, 6.182442587848815, 0.0, 14.225859359184716, 12.971044280217024, 9.467323585124094, 5.279977300022421, 4.7640676830017865, 14.46932116222003, 11.350087906398818, 10.077097212339806, 5.264141974408292, 5.034436247694024, 14.78374252546195, 16.010332993153142, 11.692072088595108, 9.596162562901068, 6.15072797593053, 7.9259553869541355, 14.193178199017778, 16.187930358794766, 11.991915239986678, 9.889297339944186, 5.062849357828166, 13.818856303904518, 7.819123926088336, 16.794363190768482, 11.371918490300102, 10.432986939080903, 4.878897244363541, 4.941078674852772, 14.721826498762786, 11.40972998855704, 10.976516125785956, 6.667801868528131, 7.74577419548543, 14.861425307061884, 10.828213964937904, 10.169550691186894, 6.609122790648337, 7.266484486084402, 13.83495735837619, 11.561900301114898, 10.814788737102742, 4.567516177369782, 8.243970842078031, 13.193254168931928, 11.334641916855427, 11.173615187969288, 4.19257823508563, 8.618881068316195, 14.25350003522651, 13.568261283761357, 10.613014289714934, 13.536467812555498, 4.992310874927325, 13.386418577022404, 9.913202814747189, 12.704793301029653, 10.798987050430506], [26.41590809828956, 17.343421129461134, 13.487005995943749, 9.988915769364588, 12.63918072859678, 13.88981787019555, 14.05532912746532, 13.603791518030722, 13.226564186456724, 12.555162655989882, 14.116102457002125, 14.354028131603055, 14.225859359184716, 0.0, 13.675616030066061, 13.821024742820672, 13.739057799137024, 13.410194122465443, 6.644601314661212, 13.450755811402004, 14.32081608178309, 14.236315939149138, 13.06113962876807, 14.134295121497322, 19.072642245395134, 12.75645515319705, 13.297668833996005, 13.894546280837842, 13.55344712598851, 16.960216970802765, 16.097510076928483, 13.274668709498215, 14.448895268878399, 14.2684944781968, 16.95776552351024, 12.147997565281477, 14.302470918655965, 13.392494186004443, 13.735526822361344, 13.500558748734617, 12.358316544876258, 14.869385005310832, 12.677347144358782, 15.761096251517667, 13.697075068638668, 12.627922788568512, 13.579491955446654, 13.884310238238228, 14.330105091177597, 13.56033216643537, 11.499347822998375, 13.493714316150474, 12.740927292927983, 14.481694100715346, 13.668485187405334, 11.117725750116277, 13.358673245765615, 14.438579355627379, 14.68599637583352, 13.874001629320778, 10.914636092911561, 17.159494715484943, 12.83033656824942, 14.252784436903037, 17.57677402167759, 13.438630007112232, 17.480229076244107, 12.027658644667998, 13.66452873772399, 14.187696420954255], [26.55490068142617, 14.156765286273108, 12.317197364762816, 11.682920481544498, 7.398681259472529, 9.235184863495546, 13.998745290295608, 12.901169054528292, 11.310041795312754, 6.965169949132448, 8.032199189847498, 14.401639503221746, 12.971044280217024, 13.675616030066061, 0.0, 9.11532495872072, 13.941796184040877, 12.430784990522666, 13.21461357601038, 5.690442381213, 10.130709341206009, 13.991924986271478, 12.135368726763916, 12.440184863918953, 16.193657970839453, 4.901264801937933, 9.98825156035632, 13.815624712760478, 12.991277708987141, 14.33983446729281, 12.426617244024927, 6.618638760109942, 10.845369826497521, 14.180736734117904, 14.403428906117508, 11.86272845764465, 11.492852685890904, 4.904306701326527, 11.050810536834284, 12.968702896429859, 11.875632405006508, 10.137784789417253, 4.980542301719981, 11.881728816162743, 13.686304480809746, 11.482587359820107, 9.163776844597416, 6.999698989437599, 12.298271013335103, 13.516770873737848, 11.234045776268706, 7.580981340704193, 7.8561131995852875, 11.700366179543398, 12.756799193416262, 10.7019987417494, 6.698047141322807, 7.174254508336548, 11.063669154380035, 13.243125113377905, 10.63184189588381, 14.240432286733554, 8.339856928108516, 6.7824437693308, 13.869927629543595, 12.953247713019776, 14.400726642439603, 10.623452814210097, 7.541464037888028, 7.7970754107482945], [25.329085633091225, 10.202195180894726, 9.662263967027274, 10.768470931588595, 8.887348481249889, 5.60446173512586, 11.827352149472766, 9.550636188968104, 11.89539370937831, 8.622051611930392, 4.030991151152043, 11.809206713437836, 9.467323585124094, 13.821024742820672, 9.11532495872072, 0.0, 11.46129630883168, 9.541745196767087, 13.826312679641509, 7.526631678400929, 4.4839621021268155, 11.299025663440284, 9.167177205693008, 14.133276180662872, 12.616751344986218, 7.0505565788749625, 4.310592515040297, 11.168623196091135, 9.975690550049427, 10.748868830342257, 14.970781101247299, 6.710285700954855, 4.362049122523563, 11.032170682992142, 10.240663765076915, 9.941281288175782, 14.49237063432473, 6.944406512023458, 5.263328121232384, 10.784179239475336, 8.82291767792009, 11.680201588125646, 6.505649215151527, 7.084891423268041, 11.58819216183215, 9.675860397599651, 12.010146728000215, 5.865931529410176, 5.697412570159768, 11.066798024454261, 9.312664082082422, 11.497519583646207, 6.271125183283119, 6.722240868674742, 10.40897180845679, 9.233273682098012, 10.219915841756213, 5.414917912862735, 6.029523009224582, 9.971934725692822, 9.972746332673022, 10.661950386990522, 10.551258674831905, 5.371131267440665, 9.806686803692026, 10.072443794591118, 10.099639134556375, 10.54732415425603, 9.732566646194126, 5.13890576094605], [22.577113299978176, 15.528807011245258, 4.90203758757291, 10.660571166071604, 14.014643885858892, 12.15362983534227, 6.020163101096872, 5.195305261018462, 12.746334528220657, 13.381827418346617, 11.959025763081893, 4.65923041192316, 5.279977300022421, 13.739057799137024, 13.941796184040877, 11.46129630883168, 0.0, 5.461821052437502, 13.934425733642133, 13.058658696872625, 11.771546261909613, 4.987939660530051, 5.322735395225654, 15.337423127340408, 17.129213087686065, 12.526675148622438, 11.302705421611444, 5.294900108621362, 7.363241786436171, 15.280903671810972, 16.285011579791792, 12.745421987676336, 11.882225526665527, 4.882563130843468, 15.020301570347094, 7.294635051378385, 17.125857121522955, 12.799694013205983, 12.376114400318299, 4.002545024022193, 5.952607642048147, 15.29168813550322, 12.425232376702825, 12.915649541146758, 6.419426314316371, 7.715944063728967, 15.49808596713233, 12.30990822286942, 12.091896099826275, 6.164029008700888, 7.829136989150509, 14.716357521304369, 12.558457571778614, 12.242929187324767, 4.38452614920165, 8.82485576146563, 14.436372360720599, 12.767678268190433, 12.557472283876608, 4.134099351302802, 8.68607947763893, 15.335853155151002, 13.845088415274185, 12.472716188449247, 15.103890920289961, 4.240340197395723, 15.275587327606686, 10.638761174070465, 13.950292023462021, 12.272625034612972], [23.021759211724383, 13.570869816566864, 4.7409265776332825, 8.871792475049867, 12.918687778224175, 10.420089448613064, 5.711136981241438, 4.747683687703393, 11.479299137102975, 12.020632789475066, 9.409318311377676, 6.091547892088217, 4.7640676830017865, 13.410194122465443, 12.430784990522666, 9.541745196767087, 5.461821052437502, 0.0, 13.659697212502788, 11.18630083462067, 10.601870316567473, 5.316927881064865, 3.4723239486487714, 13.959592213431566, 15.72966431282497, 11.519318237233131, 9.160499569979219, 5.36154546886138, 6.617868188985478, 13.425469293346808, 15.652804868842741, 11.703041876949003, 9.83067193144985, 6.116438201543801, 13.09882698696729, 6.032313479182918, 16.318512766729153, 10.981927358047084, 9.861102044725918, 4.526309625690335, 5.036763411667196, 14.595384438064452, 11.030703034850266, 10.448540788890657, 5.412889647869035, 7.741009411295767, 14.059815425097593, 10.39059161474579, 10.485089193065598, 6.06070030373216, 7.889619656278108, 13.65343791496451, 10.606781453733655, 10.68043782136998, 5.88089621300425, 7.724926737470624, 13.276872346239943, 11.181849601935578, 10.199492218879424, 4.362627458814706, 7.885108880224994, 13.797929529966908, 13.747899521131716, 10.45142354206641, 13.064914713139663, 4.503484142089716, 13.00051496066809, 9.02654116165276, 12.373454729264923, 10.641321932328328], [26.61104104384847, 17.120939990535202, 13.740543278143933, 10.364373624307738, 12.955382047466895, 13.724660488308002, 14.529768623046754, 13.598025874473304, 13.035989538521324, 12.238388715464856, 13.788433218812003, 14.325538136460596, 14.46932116222003, 6.644601314661212, 13.21461357601038, 13.826312679641509, 13.934425733642133, 13.659697212502788, 0.0, 13.238003313877782, 14.295503865281061, 14.35171427413559, 13.245400292933802, 12.258136309879037, 19.028334789095766, 12.446483873659465, 13.24615283050338, 14.145725935890924, 13.922812996958475, 16.63095490482396, 16.39043695855094, 12.901571210534305, 14.439939533339588, 14.360328226471731, 16.67178141096766, 12.529112892276112, 15.225723307428092, 13.13431745000776, 14.020204399221896, 13.82362083857333, 12.626325878701289, 13.88858966622762, 12.49682016259758, 15.300333205138596, 14.014286259210278, 12.951367525721901, 12.66476733969434, 13.450885376441354, 14.690106627586008, 13.635655901238785, 11.703287990000568, 12.974694164030488, 12.904292734922455, 14.820823424566955, 13.70875675496939, 11.904037134717948, 12.167400517459257, 14.293110061650271, 14.57376887769625, 14.007813026847522, 10.734822281115319, 16.79592586278168, 13.427266033547633, 13.980336503384706, 17.145543051392277, 13.405946831285867, 17.178803125400805, 11.826723184553146, 13.257206361043615, 13.830810981265113], [26.054068381423228, 12.878760494335635, 11.752661171044618, 9.783982281557716, 5.823377727997388, 6.668330790934368, 13.044560992248813, 11.946043459340434, 11.436662448001371, 6.099084424458008, 6.511994705449111, 13.09780325365945, 11.350087906398818, 13.450755811402004, 5.690442381213, 7.526631678400929, 13.058658696872625, 11.18630083462067, 13.238003313877782, 0.0, 8.249124440094622, 12.711908625786245, 11.269433697145224, 12.3261920039034, 15.039980175361924, 4.792084822183508, 8.643239175887969, 13.145718513401574, 12.099100971603365, 13.449881376231607, 12.317499847667857, 5.8707903809558655, 10.025263231743525, 12.990115058119311, 13.21662463258277, 11.688936722258045, 11.402903340836625, 5.378994498738809, 9.910494811538072, 12.36867160833058, 10.509360498433137, 8.057108279110148, 5.138777134632054, 10.3482927222283, 12.889942678958844, 11.023759001691074, 7.736008045485196, 5.20313020180638, 10.684791277420763, 13.051554274369389, 10.860444274103704, 6.867981180510744, 6.61205421707126, 11.022547219507759, 12.26207917911668, 10.068749167563974, 6.088852932778812, 6.808824015639472, 10.560900068946376, 11.847411320292567, 10.655859429632303, 13.465040396798788, 7.260498712799101, 5.785541380503851, 12.767782023495473, 11.622589738482965, 13.070394726492138, 10.692577845065705, 5.649563040194741, 6.461131416352903], [25.48041058592002, 9.782129367966188, 10.119270682216388, 11.564003287945647, 9.699442373967251, 5.560066847841163, 12.093459945221891, 10.306706534677378, 12.573144184118382, 9.310910870404378, 5.501422944094131, 11.995272448875191, 10.077097212339806, 14.32081608178309, 10.130709341206009, 4.4839621021268155, 11.771546261909613, 10.601870316567473, 14.295503865281061, 8.249124440094622, 0.0, 11.486108057662726, 10.13301134451345, 15.42066112823118, 12.440821325885711, 8.340170235575162, 5.104141059921855, 11.753986040921584, 10.049460157503669, 10.661564701435253, 15.532228012949162, 7.823662925842201, 6.672741105755841, 11.673410527004988, 10.684289964399175, 10.361390938727954, 15.994403187634637, 8.871005951572084, 5.720225541014923, 11.55563790845168, 9.353013586529869, 12.235721640010745, 7.860495633134111, 7.752183346425467, 12.034505976806996, 9.180859231573297, 12.606311326202023, 7.893499047592045, 6.129176250692629, 11.679892656068022, 9.453869957459704, 12.054347838903345, 7.396828926992171, 6.742198737688619, 10.4561142496721, 9.58268980513733, 11.315237323302814, 7.485918791126039, 7.370340850495905, 10.849434856793383, 10.782453565847055, 10.614299181962073, 10.86787612913372, 6.73043649661484, 10.3076101163546, 10.09685754713854, 10.880732619469603, 11.812064478271873, 11.127968532456265, 5.803237049291234], [22.79016257491633, 14.863748810386983, 4.562711447353396, 10.639680773583185, 13.860315107942125, 11.918775067776727, 5.553554184380208, 5.079145689738592, 12.290727266807977, 13.097928029812426, 11.54224902205077, 4.008088981554566, 5.264141974408292, 14.236315939149138, 13.991924986271478, 11.299025663440284, 4.987939660530051, 5.316927881064865, 14.35171427413559, 12.711908625786245, 11.486108057662726, 0.0, 5.046026611435802, 15.511728668468415, 16.288554411607787, 12.746573221865356, 11.052739283693832, 4.44726596997301, 7.843111498635896, 15.213727453516382, 16.27197869989864, 12.485941430659183, 11.690466904673716, 5.151845584167213, 14.816866347624716, 7.070649568455952, 16.899830351096874, 13.357682502058227, 11.799398762872448, 5.670587469477266, 6.063238941945564, 15.10939499541164, 12.647295272842607, 12.160223154189453, 7.007553708418094, 8.737542217576754, 15.279500556757187, 12.168727056174175, 12.045183219063581, 5.967253174668797, 7.728082870342316, 14.448120237871784, 12.590922371725256, 12.682202103078554, 5.624300393829814, 8.385283111328116, 14.057480682798195, 12.744311263633241, 12.385518150976289, 4.712554389441817, 9.043225435793733, 14.984190251533853, 14.53831917269403, 12.378477442067638, 14.87404108713965, 4.7453205317541585, 14.746889608971076, 10.19583807969942, 13.66114177441341, 12.017305249466732], [22.97366432525344, 13.316820436048515, 4.925009621199026, 8.914406453891571, 13.244007717445616, 10.255878564632631, 6.276905760427878, 5.429262812743427, 10.798353633057546, 12.476238545879447, 9.204100116548277, 6.209013838655397, 5.034436247694024, 13.06113962876807, 12.135368726763916, 9.167177205693008, 5.322735395225654, 3.4723239486487714, 13.245400292933802, 11.269433697145224, 10.13301134451345, 5.046026611435802, 0.0, 13.752679508394028, 14.861826342282345, 11.241892988835014, 9.143495502993604, 5.947546035096558, 6.6752394150845085, 13.4793213047268, 15.17647294289821, 11.254891939339966, 9.738496109563185, 6.308647242599238, 13.041315299707541, 5.662735577100617, 16.0010306419306, 11.046301105256779, 9.89489985933441, 4.014335031068075, 4.723003778603421, 14.804832019021514, 10.68981391529135, 10.133610843208945, 6.427999340924232, 7.205313396018926, 14.580891293370787, 10.658718907468202, 10.3699512357978, 6.736160981262197, 6.7772214682196985, 13.656254576424361, 10.796077764291834, 10.483183108133396, 5.966856508662057, 7.1069356188248465, 13.167019478998135, 11.138587222985546, 10.061274812838379, 4.267019663208352, 7.7700482895196465, 13.247207934678276, 13.504945234150977, 10.536635602456654, 12.764058361836632, 4.452122084915718, 13.23297533179986, 8.241479781343681, 12.468508481203088, 10.554430148011475], [27.25565497736618, 17.49596473668654, 15.510175082412232, 12.037444833249305, 13.172717300777052, 14.217697034665315, 16.444730405798317, 14.995161167768194, 13.643639998937944, 12.180566661123398, 13.362784245129617, 16.503039710475473, 14.78374252546195, 14.134295121497322, 12.440184863918953, 14.133276180662872, 15.337423127340408, 13.959592213431566, 12.258136309879037, 12.3261920039034, 15.42066112823118, 15.511728668468415, 13.752679508394028, 0.0, 20.51826551356413, 13.062343957037367, 14.40441807108086, 16.141998919436134, 14.726878002549254, 17.57966432922005, 13.353412345928414, 12.462507726408516, 14.612793528200813, 15.248654206290613, 17.533397245975017, 14.47430316354116, 17.013372240707056, 11.878443303014576, 14.961010663570978, 14.344718643391907, 12.908989367773035, 13.090663671593711, 12.197888160162533, 14.789086914274412, 15.727768868411, 14.505024923190899, 13.034933437902598, 12.106130956727089, 16.361888796137542, 15.685068016541953, 13.430517851506497, 11.903076155709227, 12.518192765779917, 15.813022041284572, 15.470047818396232, 13.585834563565246, 10.782313188197937, 13.759611744672616, 15.136103043821018, 14.243215740301313, 11.746268818711604, 18.396843320270804, 13.625168572744284, 13.020348614561279, 18.132476108790083, 14.957923105391261, 17.629641819387047, 11.907155102291707, 11.520415590831483, 14.136322679495734], [28.43797597042464, 8.812900044989796, 15.473172672997109, 16.86093139038401, 16.91008961573705, 12.605874002266045, 17.301676427715538, 15.852701575801639, 17.624002056096288, 16.43053462532853, 12.78325923592294, 16.602838399388222, 16.010332993153142, 19.072642245395134, 16.193657970839453, 12.616751344986218, 17.129213087686065, 15.72966431282497, 19.028334789095766, 15.039980175361924, 12.440821325885711, 16.288554411607787, 14.861826342282345, 20.51826551356413, 0.0, 14.8879510012512, 12.530026633492435, 16.48552478322693, 16.154406771987748, 9.261175499043906, 21.051863145062097, 14.850471635740648, 12.943313448145549, 17.18446671172796, 7.6988498049084955, 15.295689976684137, 20.438965239442258, 15.904507332161709, 12.736695760502789, 17.01815768675318, 15.390224819196341, 18.63230387584623, 14.308592192583571, 12.529313304426893, 17.034512447367874, 16.644422692564525, 18.328302160877122, 14.268187349845666, 12.575197404073657, 17.386857077335314, 15.522515162040344, 17.399090679737228, 15.12467092679807, 13.13567415007289, 16.617745593796354, 15.315764692462654, 17.59282369144152, 14.754784540548222, 12.372830569067037, 15.667511979918027, 16.36396450560402, 6.845127040733459, 17.144596049807404, 13.930081555741884, 8.26870785346221, 15.517892386742984, 8.543459963759119, 15.832930670020062, 17.011792504622168, 13.044568901731049], [26.007716488769557, 13.221704107806396, 11.15844849397388, 10.186576813652605, 5.800497276454527, 7.4307825884895085, 12.987651118088566, 11.33197538750963, 10.809023642595019, 5.594254069398189, 6.856356778776004, 12.771482458996834, 11.692072088595108, 12.75645515319705, 4.901264801937933, 7.0505565788749625, 12.526675148622438, 11.519318237233131, 12.446483873659465, 4.792084822183508, 8.340170235575162, 12.746573221865356, 11.241892988835014, 13.062343957037367, 14.8879510012512, 0.0, 7.857140695907473, 12.478930115856443, 11.861356027003087, 12.958877836543179, 12.32366423091294, 5.698182580510137, 9.06717912382901, 12.834272018168654, 12.900605418949183, 11.355238343779117, 10.627827003705837, 4.558526352827386, 9.82867501316263, 12.007781071726887, 10.695424711059163, 9.100865586358815, 3.6115119640791336, 10.570696422414613, 12.61165129293628, 10.714314923928915, 8.629709650834219, 4.80159750671402, 9.765225886804586, 11.979724951460376, 10.032197792649661, 7.285698296084118, 6.4456869875651845, 10.601496046739012, 11.525976082823032, 9.904462870931548, 6.1351416733201205, 5.128559779848894, 9.770768573749038, 11.956361016378132, 9.768819399840355, 12.608754459373909, 6.897562001615919, 5.4660624419172334, 12.662551903039846, 11.468792654284663, 12.943026507807241, 9.886236822467696, 6.4839102926899095, 5.82453909800739], [25.214994531951362, 10.126575142574906, 9.650399515711266, 10.715320347193932, 10.105947357110269, 5.480063238542777, 11.838076846867478, 9.238989413510316, 12.223417551210826, 8.882622820759059, 4.782718924570245, 11.507107443086989, 9.596162562901068, 13.297668833996005, 9.98825156035632, 4.310592515040297, 11.302705421611444, 9.160499569979219, 13.24615283050338, 8.643239175887969, 5.104141059921855, 11.052739283693832, 9.143495502993604, 14.40441807108086, 12.530026633492435, 7.857140695907473, 0.0, 10.982184470197451, 10.314262931079268, 9.556959465911955, 14.952338550203608, 8.235552785288558, 5.305262264628768, 11.272827488673677, 9.635837305336322, 9.77423583993676, 15.120180670839984, 7.78007811252796, 4.69523018722768, 10.7399395992315, 9.13391445155331, 12.884639659603486, 7.187896508134192, 6.794032154224096, 10.945800834126093, 9.861526434749507, 12.529689669621497, 6.921645023612852, 4.1678978387398296, 10.188925259889793, 9.424591587145988, 11.901566214221981, 6.471028117176151, 5.404868549643435, 10.176620191703297, 9.990543017243002, 11.192438601154699, 7.323981798304581, 5.153424526339661, 10.154251309541358, 9.604079996353114, 9.72580829199297, 11.305168113937222, 6.662538366287557, 9.611390684029415, 9.875992611511991, 9.574798185073908, 10.359421682104779, 10.392761769545874, 5.424471709856431], [22.9898539267395, 15.45663616719344, 4.197448996684033, 10.92971512361596, 13.46628139480567, 12.138481805133614, 4.42851093848818, 3.96771609270922, 11.196633370481283, 12.500344861871689, 11.56905181999272, 4.8149735124217266, 6.15072797593053, 13.894546280837842, 13.815624712760478, 11.168623196091135, 5.294900108621362, 5.36154546886138, 14.145725935890924, 13.145718513401574, 11.753986040921584, 4.44726596997301, 5.947546035096558, 16.141998919436134, 16.48552478322693, 12.478930115856443, 10.982184470197451, 0.0, 7.020234566672459, 15.147119404332487, 16.865494957852643, 12.709986538823397, 11.115931364548631, 5.2492994326247775, 14.5328582873293, 6.931153085860015, 17.499169970604708, 13.073548999426261, 11.478677170486502, 5.995958959145821, 6.698074679747006, 15.447722810992193, 12.63541484926579, 12.764607661851262, 5.9419573639175685, 8.394139579427268, 14.79904310566718, 11.890177168457365, 11.60545602414366, 5.09816612449502, 7.830027541510429, 14.685248219610012, 12.49757102091533, 12.681902959462596, 5.484336548548525, 8.334475398436533, 14.221005011791782, 12.260035598853088, 12.19666384792732, 5.044613535635073, 8.541291511877905, 15.081562480643031, 14.424530607428167, 12.226044337033443, 14.78964868537267, 5.061038726061346, 14.893815705338183, 10.090163671123154, 14.118996811008815, 11.837880800827303], [23.518175997088342, 14.352635534715281, 6.370605237168176, 9.33665257454339, 12.283115709121452, 10.91974751637781, 7.962384495750036, 6.142282841207723, 10.536044532266152, 12.345918010567244, 10.534209750367719, 7.8546964584850185, 7.9259553869541355, 13.55344712598851, 12.991277708987141, 9.975690550049427, 7.363241786436171, 6.617868188985478, 13.922812996958475, 12.099100971603365, 10.04946015750